	Main Gp	c1	c2	c3	c4	c5	c6	c7	c8	c9	c10	c11	c12	c13	c14	c15	c16	c17
YDL179w	1	-0.75808	-0.90319	-0.98935	-0.73995	-0.67193	-0.12777	-0.95307	-1.01656	0.79730	2.11688	1.98537	0.61591	0.56603	-0.13684	-0.52228	-0.05068	0.78823	
YLR079w	1	-0.48845	-0.70828	-0.47688	-0.65814	-0.45374	-0.47302	-0.71214	-1.02839	0.24048	3.11376	1.28952	0.44874	0.04379	-0.31104	-0.30332	-0.34575	0.82285	
YER111c	1	-0.42218	0.23887	1.84427	-0.02083	-0.61105	-0.65827	-0.79992	-0.39857	-0.09166	2.03314	1.58457	0.68744	0.14443	-0.72910	-1.46097	-0.82353	-0.51662	
YBR200w	1	0.09824	0.55258	-0.89641	-1.19111	-1.11744	-0.76133	0.09824	2.16120	1.46126	1.03148	0.67537	-0.33155	-0.60170	-1.39987	-0.42978	-0.15963	0.81045	
YJL194w	1	-1.29859	1.71422	-0.52745	-1.11926	-0.63505	-0.02532	-0.36605	-0.76059	1.44522	2.05496	-0.22259	0.20782	-0.36605	0.01055	-0.77852	-0.49159	1.15829	
YLR274w	1	-0.40461	0.15884	-0.17072	-1.13816	-1.05311	-0.87238	-0.67039	0.25452	1.79605	2.31698	1.10502	-0.04315	-0.52155	-0.90428	-0.72355	0.05253	0.81798	
YBR202w	1	-1.18187	-0.09527	-0.73766	-1.10670	-1.17503	-0.97002	0.01407	1.39452	1.30568	1.66105	0.56078	-0.47114	-0.68299	-0.75816	0.05507	1.33985	0.84781	
YPR019w	1	-0.74382	-0.93650	0.03896	-0.76790	-0.65952	-0.40662	-0.35845	1.11077	1.29141	2.33913	0.91809	-1.05693	-0.79199	-0.86425	-0.14168	-0.18985	1.21915	
YBL023c	1	-1.38479	-0.03287	0.70618	-0.82600	-1.25861	-0.68179	0.11133	1.82377	2.22033	0.61605	0.43580	-0.23115	-0.42943	-1.16848	-0.42943	0.05726	0.47185	
YEL032w	1	-0.42287	0.87044	-0.35569	-0.60763	-0.87637	-0.99394	0.18180	2.21414	1.18957	1.64307	0.04742	-0.69161	-0.69161	-1.04433	-1.19550	0.28257	0.45054	
YGR044c	1	0.45129	-0.79394	-1.09481	-0.95273	-0.71037	-0.20893	-0.69366	-0.96945	-0.20058	2.00575	2.03918	1.27031	0.24236	0.02507	-0.71037	-0.41787	0.71873	
YML109w	1	-0.91548	-0.33907	2.88207	0.87027	-0.01130	0.45209	0.20344	-0.73465	-0.79116	0.54251	0.80246	0.21474	-0.05651	0.01130	-0.58772	-1.22064	-1.32236	
YJL157c	1	-0.95230	-0.89126	-1.11580	-1.10490	-0.80405	-0.44435	-0.52937	0.45384	0.50398	2.44640	1.66812	0.11593	-0.29828	-0.22198	-0.11080	0.14645	1.13837	
YKL185w	1	-0.42286	-0.71013	-0.83755	-0.71013	-0.56186	-0.54565	-0.73562	-0.45530	0.53856	3.01047	1.43049	0.17948	-0.04293	-0.40433	-0.54565	-0.10548	0.91850	
YHR005c	1	-0.43229	0.35748	0.18347	-1.12836	-1.44962	-1.24883	-0.53938	0.26378	0.61182	2.00396	2.01735	0.12992	-0.60631	-0.90080	0.14331	-0.20473	0.79922	
YNR001c	1	1.10066	-1.36840	-1.47664	-1.14675	-0.56943	-1.07458	-0.81685	-0.48180	0.52850	1.94086	1.41509	0.63675	0.39448	0.10067	0.10582	0.07489	0.63675	
YKL150w	1	-0.55084	-1.30718	-1.67185	-0.91100	-0.25370	-0.51032	-0.59586	-0.93801	0.66922	1.83975	0.95284	0.81328	0.21001	-0.41578	0.15598	1.23197	1.28149	
YLR395c	1	-0.03699	-1.11599	-0.94027	-1.41503	-0.78304	-0.51175	-0.17880	-0.89711	-0.12640	1.92678	0.49634	0.38536	-0.06474	-0.32370	0.15414	1.63699	1.79422	
YOR065w	1	0.35471	-1.01744	-1.51826	-1.05816	-0.81793	-0.63063	-1.15588	-0.80571	0.09820	1.56807	0.77817	0.63973	0.18778	0.13892	0.34250	1.95488	0.94104	
YDL181w	1	-0.61916	-0.79230	-0.75648	-1.13261	-0.82215	-0.05198	-0.26094	-0.95350	-0.21915	2.74214	0.50326	0.37789	-0.27885	0.00176	-0.04601	0.53312	1.77495	
YGR183c	1	-0.19331	-1.13160	-1.21090	-0.59858	-0.54131	-0.74395	-0.10080	0.02254	0.26923	3.06209	1.09740	-0.09199	-0.65585	-0.44440	0.67451	0.08862	0.49830	
YLR258w	1	1.43510	-0.97660	-1.40105	-1.05377	-0.86083	-0.34955	-0.31097	-0.36885	-0.94766	0.58618	2.35155	1.10711	0.39325	0.72124	0.16173	-0.26273	-0.22415	
YML110c	1	0.49232	0.51382	0.02277	-1.03819	-1.87334	-1.43963	-0.81596	-0.81596	0.02277	2.14828	1.49951	0.50307	-0.01307	-0.14928	0.11955	0.34536	0.47798	
YLR273c	1	1.26126	0.55898	0.20784	-0.49443	-0.67000	-0.60417	-0.84557	-0.51638	0.93207	2.20494	1.56851	-0.20913	-0.51638	-1.52590	-0.69195	-0.82363	0.16395	
YCR005c	1	0.36415	-0.70828	-1.27570	-1.15087	-1.29273	-1.31542	-0.81042	0.71028	1.18692	0.74433	0.80674	1.58979	1.44226	0.34713	0.27904	-0.53238	-0.38485	
YCL040w	1	1.49015	-0.68364	-1.25793	-0.99419	-0.70491	-1.08352	-1.18562	-0.76447	-0.47945	0.83504	1.53269	0.93288	0.07357	0.32456	0.20970	0.09059	1.66457	
YMR256c	1	-0.56861	-1.23822	-1.54633	-1.17249	-0.35088	-0.61790	-0.45769	-0.57271	0.35571	1.69494	1.12803	-0.34266	-0.17423	0.89798	0.64738	0.45020	1.86748	
YIL009w	1	-0.21170	0.63510	-0.50573	-1.07026	-1.12907	-0.88209	-1.18788	-1.16435	0.23522	1.67008	1.78769	1.15259	0.39988	-0.11761	-0.61158	-0.17642	1.17611	
YLL040c	1	0.48268	0.94636	-1.93405	-1.58278	-0.83809	-0.12150	-0.37441	-0.72568	0.38433	2.14067	1.08687	0.55294	0.65129	-0.65543	-0.21985	0.32813	-0.12150	
YNR016c	1	-0.75696	0.62268	1.98986	0.94034	1.82169	-0.35833	-0.45487	-0.95316	-1.19919	1.20505	0.45762	-0.09361	-1.10576	-0.55453	-0.84416	-0.24621	-0.47044	
YBR067c	1	2.31493	2.20003	1.19168	0.40141	-0.28568	-0.60460	-0.65384	-0.34899	-0.23174	-0.15436	-0.50611	-0.72888	-0.86958	-0.89538	-0.65150	-0.51314	0.33575	
YPL058c	1	-0.74556	-1.42581	-1.35522	-1.21404	-1.13061	-0.73272	-0.14873	1.17327	1.94336	0.78180	0.48018	-0.18082	0.49943	0.04379	0.49301	0.21706	1.30162	
YGL055w	1	0.15878	0.84738	2.38983	1.90629	1.00958	-0.33089	-0.82974	-1.05009	-0.95215	-0.03402	-0.22683	-0.66141	-0.75629	-0.83892	-0.35843	-0.41352	0.14042	
YGR281W	1	-0.54172	-1.04313	-1.41083	-1.51112	-1.44426	-0.64200	0.29396	0.09340	0.89566	1.69792	1.46393	0.59481	0.16026	-0.29102	0.26054	0.27725	1.14636	
YBR083w	1	-0.93736	-0.94103	-0.73569	-0.75403	-0.59270	-0.52670	-0.75769	-0.77236	-0.15270	2.56059	1.42027	0.21396	-0.15637	-0.03537	-0.02804	0.74562	1.44961	
YBR054w	1	1.06791	0.30566	-0.38853	-1.02827	-1.19161	-1.31071	-0.92278	0.39754	0.89776	2.37461	1.05770	0.08787	-0.40554	-0.89216	-0.60631	-0.14352	0.70039	
YKL116c	1	-0.62731	-0.37310	-0.42394	-0.88153	-0.41123	-0.77984	-1.18659	-0.65274	0.83443	2.88086	1.11406	0.85985	0.08449	-0.48750	-0.39852	-0.23328	0.68190	
YPR002w	1	1.43429	-0.52505	-0.44341	-0.06243	-0.57948	-0.96046	-1.01489	0.01921	1.40708	2.25068	0.99888	0.50904	0.26413	-0.76997	-0.63390	-1.04210	-0.85161	
YNR067c	1	-0.57943	-0.80507	-0.97892	-0.91604	-0.67191	-0.23173	-0.64232	-0.74219	-0.12816	2.45743	2.12082	0.95564	0.27873	0.01610	-0.27612	-0.17255	0.31572	
YBR158w	1	-0.92753	-0.45371	-1.18644	-1.09582	-0.58576	-0.34497	-0.14560	-0.50032	-0.20256	2.51088	2.01117	0.77873	-0.13007	-0.10159	-0.16890	-0.17149	0.71400	
YDL117w	1	-1.06632	-0.36717	-0.46825	-1.10844	-1.04947	-0.08077	0.02032	-0.78834	0.54257	2.70742	1.74714	0.28145	-0.08919	-0.51879	-0.46825	0.19721	0.50888	
YGR035c	1	-1.06917	-1.36937	-1.44084	-1.03344	-0.43305	-0.19004	0.46753	1.46102	2.26153	1.04647	0.13874	-0.42590	-0.44020	-0.25436	0.27455	0.43179	0.57474	
YHL026c	1	-0.06168	0.25287	-0.58593	-1.08921	-0.60690	-0.62787	-0.06168	1.02877	2.83219	1.30138	-0.01974	-0.58593	-1.23600	-0.75369	-0.39720	0.10608	0.50451	
YMR007w	1	-0.55027	0.59727	-0.73911	-0.34691	-0.09997	-0.86984	-0.75363	0.27770	1.04757	3.19739	0.51011	-0.52122	-1.01510	-0.14355	-0.40501	0.20507	-0.39049	
YMR254c	1	-0.32592	-0.80293	-1.27994	-0.91301	-0.61946	-1.09647	0.22447	0.70148	2.86637	0.95833	0.00432	-0.43600	-0.50938	0.11440	-0.10576	0.22447	0.99503	
YNL046w	1	-0.44646	-0.85191	-0.86066	-0.60981	-0.62147	-0.38520	-0.68565	-0.83149	-0.22186	2.75923	1.74123	1.03825	-0.00601	-0.15477	-0.41146	-0.00017	0.54821	
YOR264w	1	-0.56251	-0.70091	-0.91180	-0.75363	-0.47024	-0.21981	-0.62182	-0.71409	0.09653	3.00949	1.62550	0.53809	0.05040	-0.11436	-0.39116	-0.40434	0.54468	
YPL066w	1	-1.20950	-1.51725	0.00226	-0.36319	-0.80558	-0.09391	-0.36319	-0.28625	-0.01697	2.00264	2.32962	0.86781	0.32925	-0.24778	-0.26702	-0.78635	0.42542	
YBR052c	1	1.35694	-0.54876	-1.15676	-1.07963	-0.90267	-1.14315	-1.05694	-0.60774	-0.18123	1.66095	0.73078	0.71264	0.18630	-0.03603	0.20445	-0.09502	1.95588	
YPL158c	1	-0.01932	-0.52303	-0.80774	-0.63253	-0.34783	-0.09233	-0.72014	-0.68363	0.56469	2.87882	1.40420	-0.17263	-0.16533	-0.53763	-0.64713	-0.77124	1.27280	
YHR022c	1	2.13732	-0.06297	-0.83604	-1.16311	-1.43071	-1.16311	-0.92524	-0.62790	0.05597	1.27505	0.73984	0.41277	0.79931	-0.21163	-0.41977	0.20464	1.21558	
YPL004c	1	-0.30568	-1.41849	-1.57963	-1.03077	-0.71858	-0.60276	-0.76893	-0.46681	0.50502	2.03577	0.89778	0.79203	0.24318	0.03673	0.05687	1.00352	1.32075	
YBR157c	1	0.40731	0.31738	-0.74673	-0.67179	-0.83665	-0.74673	-1.34622	-0.17720	1.50139	1.99597	1.50139	0.27242	0.12254	-1.24131	-0.83665	-0.34207	0.82695	
YNL078w	1	-0.48655	-0.87530	-1.22219	-1.13846	-0.82746	-0.45067	-0.49851	-0.43273	0.37468	2.28254	1.75025	0.90098	0.03975	-0.31909	-0.53440	0.37468	1.06247	
YOR066w	1	-0.17372	0.69214	-0.76126	-1.48797	-0.77673	-1.00865	-0.90042	0.63029	1.15599	1.99093	1.23330	0.72306	-0.65303	-0.88496	-0.76126	0.13552	0.84676	
YMR031c	1	-0.61472	-0.37296	-1.15282	-1.28540	-0.79409	-0.77069	0.03257	0.05597	1.77167	1.25696	-0.10780	-0.17799	-0.31837	-0.63811	-0.29497	1.48312	1.92764	
YBR053c	1	2.00148	0.29635	-1.15513	-1.35242	-1.19741	-1.19036	-1.07058	-0.37302	0.09906	1.12073	1.09254	0.84593	0.47954	-0.30256	-0.02777	-0.28143	1.01504	
YDR511w	1	2.38645	0.30011	-0.75672	-0.72028	-1.08470	-0.46518	-1.52201	-1.13936	-0.30119	1.54827	0.80120	0.30923	-0.51073	0.09968	-0.01876	0.39122	0.68276	
YLR254c	1	-0.23603	0.36908	-0.26515	-0.23603	-1.15825	-1.21326	-0.36223	2.57271	0.62148	0.81563	0.34966	-0.89938	-1.44301	-0.80878	0.29142	0.67649	0.92565	
YDR033w	1	-0.68520	-0.98354	-0.97639	-1.04382	-0.96515	-0.90180	0.15362	-0.15800	-0.48290	2.40136	0.73394	0.11581	-0.66988	0.29870	0.96178	0.72066	1.48081	
YKL163w	1	1.93413	0.02423	-0.94112	-0.58744	-1.45293	-1.26984	-1.04515	-1.00354	-0.64569	1.28502	1.36824	0.40288	0.46114	0.34879	0.18651	0.08249	0.85227	
YBR231c	1	0.89100	-0.36141	1.24546	-0.64497	-0.45593	-1.21210	-0.85764	-0.38504	-0.05421	2.07252	1.03279	0.56018	-0.69223	-0.33778	-0.76312	-1.37751	1.33998	
YDR368w	1	1.56602	-0.19206	-0.22973	-0.74460	-1.04598	-1.19667	-1.64875	-0.94552	0.12188	0.39815	1.22696	2.06832	0.38559	0.33536	-0.54367	-0.05392	0.49861	
YLR050c	1	0.26189	-0.07539	0.59917	-0.21385	-0.86711	-0.88487	-1.33931	-0.77481	-1.42451	1.78143	1.86663	1.02166	0.03822	0.76248	0.57432	-0.47658	-0.84936	
YLR049c	1	-0.98280	-0.69270	0.07105	-0.54469	-0.68086	-0.52100	-0.93544	-0.97688	-0.19538	2.38596	1.98336	1.06569	0.36707	-0.01184	-0.43812	-0.47364	0.58021	
YOR273c	1	-0.09593	-1.07776	-1.28301	-1.30520	-0.95573	-0.78932	-0.48423	0.49761	1.37404	1.72906	-0.01827	-0.09038	-0.50642	-0.21242	0.44213	1.72351	1.05231	
YLR015w	1	0.77305	2.14312	-0.77729	-1.08375	-1.42627	-0.52491	-0.11028	0.77305	1.06148	-1.11981	-1.53443	-0.32661	0.10604	0.14210	0.57475	0.77305	0.55672	
YGR109c	2	-0.37784	0.55571	2.98645	0.43241	-0.75361	-0.69489	-0.55398	-0.88278	-0.78884	0.90212	1.20156	0.34434	-0.26628	-0.24280	-0.56572	-0.74186	-0.55398	
YPR120c	2	-0.52357	0.09400	2.78305	0.54817	-0.25494	-0.38510	-0.78666	-0.52080	-0.81990	1.26267	1.58945	-0.29925	-0.28818	-0.26048	-0.67035	-0.79497	-0.67312	
YDL127w	2	-0.93147	1.26476	1.94147	-0.27322	-0.49469	-0.42702	-0.90687	-1.07297	-0.40856	0.76031	2.18140	0.64342	-0.12557	-0.17479	-0.77768	-0.62388	-0.57466	
YNL289w	2	-1.15003	0.68249	2.27427	1.87184	-0.03614	-0.35953	-0.59309	-0.92725	-1.00990	-0.09363	1.01666	0.68609	0.03572	-0.24095	-0.53560	-0.79430	-0.82664	
YPL256c	2	-1.00453	1.16378	2.76002	0.57880	-0.13536	-0.33466	-0.46384	-0.65207	-1.26658	-0.36603	0.55111	1.17116	0.08424	-0.27746	-0.55795	-0.22394	-1.02668	
YMR199w	2	-1.85329	0.25511	0.95869	0.86692	0.14451	0.17981	-0.51672	-0.86027	-1.44385	0.50689	2.19643	1.06223	0.12333	0.32335	-0.39435	-0.75909	-0.78968	
YJL187c	2	-1.08147	-0.51034	2.07335	1.61100	0.60473	-0.14318	-0.68712	-0.89109	-0.98628	0.15598	1.18946	1.08067	0.35996	-0.26557	-0.53753	-0.91829	-1.05427	
YDL003w	2	-1.13183	0.04638	2.19693	0.90265	-0.19671	-0.53397	-0.77267	-0.93911	-1.08365	0.61577	1.76988	1.11946	0.08580	-0.14634	-0.47265	-0.81866	-0.64128	
YMR076c	2	-1.10268	-0.40790	2.19009	1.40339	0.34636	-0.17540	-0.58362	-0.88100	-1.18378	0.84378	1.24389	0.98977	-0.23488	-0.16189	-0.48630	-0.84315	-0.95669	
YKL042w	2	-1.24551	-0.45519	1.82024	0.47409	-0.26412	-0.11648	-0.83732	-0.92417	-0.92417	0.76069	2.10684	1.07334	0.39593	0.30039	-0.35965	-0.76784	-1.03707	
YFL008w	2	-0.87605	0.05312	2.33024	1.30946	-0.15627	-0.88914	-0.84988	-1.00692	-0.86297	0.38029	1.51885	0.77290	0.40646	0.01386	-0.54888	-0.82371	-0.77136	
YPL241c	2	-1.38305	-0.95091	2.01009	1.36987	-0.10262	-0.29469	-0.48675	-0.87088	-0.82286	0.26550	1.75400	0.47357	0.47357	0.23349	-0.23067	-1.33504	-0.10262	
YMR078c	2	-0.82702	0.33987	2.08454	1.25752	-0.10196	-0.32854	-0.71373	-1.06493	-0.88366	0.52114	1.16689	1.43879	0.44183	-0.71373	-0.72506	-0.88366	-1.00828	
YLR212c	2	-1.64035	-0.33711	1.48408	0.36463	-0.53761	-0.60444	-0.85506	-0.37053	0.14742	0.73221	2.16911	1.43395	0.48159	-0.53761	-0.25357	-0.95531	-0.72140	
YNL225c	2	-2.14185	-0.39895	0.64300	-0.03900	-0.39895	-0.81573	-0.53156	-1.04307	-0.47473	-0.00111	1.13556	2.31013	0.58617	1.09767	0.41567	-0.09584	-0.24739	
YPL209c	2	-0.65282	-0.32055	2.53702	2.00538	0.60982	0.51014	-0.55314	-1.01832	-0.78573	0.01173	0.07818	-0.05473	-0.22087	0.24432	-0.28732	-1.11801	-0.98510	
YJL074c	2	-0.81087	-0.19448	1.72941	0.59002	-0.53069	-0.25051	-0.92294	-0.92294	-0.53069	0.08570	1.87884	1.97223	0.45927	-0.36258	-0.34390	-1.07237	-0.77351	
YNL233w	2	-0.43997	0.66325	2.85098	0.74739	-0.42127	-0.47736	-0.79524	-0.80459	-0.48671	-0.21558	1.25226	1.01852	-0.10339	-0.56151	-0.96353	-0.46801	-0.79524	
YLR313c	2	-0.46611	0.42952	3.01689	1.13856	0.01902	-0.44123	-0.66514	-0.98856	-0.59050	-0.47855	0.84002	0.39220	0.50416	-0.50342	-0.82685	-0.64026	-0.73977	
YGR041w	2	-0.57187	-0.26687	1.10561	-0.38125	-0.68624	-0.26687	-0.87687	-1.18186	-0.80062	0.60999	2.09686	1.82998	1.14374	0.11437	-0.80062	-0.87687	-0.19062	
YGR152c	2	-0.75203	0.33010	2.36030	1.35478	-0.38813	-0.62754	-0.69457	-1.08720	-0.68499	0.38756	1.19198	1.26859	-0.06253	-0.21575	-0.53177	-0.82864	-1.02017	
YDR507c	2	-1.35282	-0.59840	1.70173	0.57178	0.49801	0.00513	-0.91023	-1.06782	-0.88676	0.30354	1.87943	1.58102	-0.03846	0.20295	-0.56152	-0.99741	-0.33017	
YLR286c	2	-0.34287	0.87069	-0.58420	-1.01860	-0.95195	-0.54053	-0.61178	-0.92437	-1.11284	1.05686	2.61748	1.10283	0.29609	0.63855	0.29149	-0.44630	-0.34057	
YIL159w	2	-0.97787	1.22604	2.48542	0.69081	0.31299	0.18705	-0.06482	-0.28521	0.09260	-0.03334	1.13159	0.12409	-0.66302	-0.75748	-0.72599	-1.54459	-1.19826	
YGL027c	2	-0.83742	-1.11775	1.13711	1.51495	0.68614	-0.42301	-0.59365	-0.69116	-1.06900	0.92991	1.40526	1.42964	0.68614	-0.65459	-0.55708	-1.06900	-0.77648	
YML102w	2	-0.55689	0.20787	2.76585	1.05174	-0.26022	-0.62282	-0.81401	-0.85357	-0.56349	1.39456	0.74847	0.34631	-0.41185	-0.04266	-0.78105	-0.68875	-0.91949	
YPR018w	2	0.35913	0.66168	2.98119	0.92543	-0.66487	-0.51748	-0.99069	-0.99844	-0.29251	0.76252	0.72374	-0.23045	-0.09081	-0.65711	-0.68814	-0.74245	-0.54075	
YBL035c	2	-0.65777	0.75872	2.79727	0.09170	-0.28303	-0.54535	-0.64278	-0.89010	-0.74770	0.95358	1.32832	0.50390	-0.05070	-0.14813	-0.67275	-0.88260	-0.91258	
YNL102w	2	-0.67616	-0.18785	2.34156	1.47238	-0.05113	-0.50037	-0.91054	-1.13516	-0.79335	-0.04136	1.47238	0.84735	0.46647	-0.08043	-0.56873	-0.98867	-0.66639	
YBR278w	2	-0.65946	0.45818	3.08894	1.05999	-0.88299	-0.41874	-0.86579	-0.71104	-0.79702	0.49257	0.83646	0.20027	-0.05765	-0.60788	-0.24679	-0.57349	-0.31557	
YPR175w	2	-0.22573	1.00572	2.70592	0.52109	-0.42435	-0.63886	-0.56735	-0.87720	-0.71036	1.08517	1.27585	-0.42435	-0.10655	-0.17011	-0.78186	-1.09171	-0.57530	
YNL262w	2	-0.57025	-0.65111	1.08289	0.81336	-0.07610	-0.68705	-0.90268	-1.11830	-0.58822	1.88251	1.90946	0.84930	0.62469	-0.03118	-0.82181	-1.05541	-0.66009	
YBR088c	2	-0.75935	-0.10443	1.94497	0.91322	0.16157	-0.71301	-0.90444	-1.11402	-1.15432	1.14294	1.52985	1.24370	0.16761	-0.31602	-0.40469	-0.97497	-0.65860	
YLR103c	2	-0.79051	0.14875	2.78991	1.00371	0.33740	-0.34897	-0.58981	-1.02331	-0.88283	0.53007	0.94752	0.80703	0.05242	-0.58981	-0.59382	-0.93501	-0.86276	
YAR007c	2	-0.80204	-0.22714	2.63205	0.36810	-0.56292	-0.84274	-0.75116	-0.98010	-0.76642	0.86159	1.24315	1.04983	0.56651	0.19003	-0.57818	-0.84274	-0.55783	
YNL312w	2	-0.60220	-0.09881	2.22014	1.25863	0.22641	-0.50605	-0.99529	-1.22436	-0.96135	0.35932	1.17096	1.44245	0.17267	-0.20062	-0.61917	-0.75208	-0.89065	
YJL173c	2	-1.23217	-0.91210	1.38471	1.66329	1.18615	-0.18008	-0.91506	-1.28848	-0.94174	1.10613	0.55193	1.16540	-0.30752	0.39486	-0.36976	-0.56239	-0.74317	
YER070w	2	-1.11867	0.92995	2.48092	0.70770	-0.14751	-0.54370	-0.90125	-1.06069	-1.08002	0.11823	0.98310	1.03625	0.61106	0.01677	-0.64034	-0.70798	-0.68382	
YOR074c	2	-0.89594	0.36829	1.78302	1.39171	0.30809	-0.29392	-0.86584	-0.86584	-0.83574	-0.56483	1.06061	1.30141	1.27131	-0.32402	-0.83574	-1.04644	-0.95614	
YDL164c	2	-0.84522	-0.13440	2.20624	0.59673	-0.58628	-0.71321	-0.84522	-1.06862	-0.81984	1.24155	1.81528	0.77444	0.07377	0.18039	-0.57105	-0.72844	-0.57612	
YKL045w	2	-0.96175	-0.02982	3.11415	1.29126	-0.51626	-0.03494	-0.48042	-0.92078	-0.63404	-0.39337	-0.06566	0.61024	0.20572	0.58464	-0.57771	-0.56747	-0.62379	
YBR252w/	2	-1.62110	0.12327	1.94033	0.57148	-0.07660	-1.01541	-0.04632	-0.91850	-1.42122	1.86764	0.75319	0.46851	-0.84582	0.13539	0.42612	-0.40973	0.06876	
YLR032w	2	0.26530	0.03589	2.56848	0.54058	-0.26692	-0.65690	-0.73031	-0.45502	-0.95053	0.90303	1.74723	0.36623	-0.63854	-0.09716	-0.55137	-1.09276	-0.98723	
YML060w	2	-0.55579	0.35126	2.75925	1.26910	0.45924	-0.02668	-0.32903	-0.60978	-0.80415	-0.31823	0.86957	0.54563	0.12450	-0.55579	-0.73936	-1.18208	-1.25767	
YDR097c	2	-0.73086	-0.59109	2.23369	0.90222	0.01212	-0.47339	-0.73086	-0.92212	-0.86327	0.43142	1.57163	1.51278	0.17395	-0.16443	-0.62787	-1.03982	-0.69408	
YNL082w	2	-0.79613	-0.04694	0.97911	-0.01437	-0.63326	-1.07300	-1.25215	-1.33358	-0.51925	0.94654	2.07031	1.85859	0.47423	0.22993	-0.47040	-0.29124	-0.12838	
YOL090w	2	-0.70334	-0.27324	1.06007	0.33965	-0.23023	-0.85387	-0.75710	-1.16569	-0.81086	0.10310	2.21058	1.93101	0.52244	0.50094	-0.12270	-1.12268	-0.62807	
YLR383w	2	-0.25831	-0.40997	2.66265	1.21206	0.68457	-0.42315	-0.33744	-1.16164	-0.94405	0.05159	0.80326	0.95491	-0.28469	0.01202	-0.35722	-1.04955	-1.15504	
YKL113c	2	-0.95856	-0.16308	2.26669	1.53028	0.32524	-0.60020	-0.87587	-0.99401	-0.71047	0.60484	0.77023	1.25855	0.36462	-0.35604	-0.71441	-0.93887	-0.80892	
YLR234w	2	-0.42083	-0.96851	2.83101	0.98260	-0.35237	-0.79736	-0.72890	-0.93428	-0.52352	1.01683	0.33223	0.87991	0.57184	-0.42083	-0.38660	-0.14699	-0.93428	
YPL153c	2	-0.50845	0.33675	2.99632	0.82134	-0.15910	-0.33941	-0.90287	-0.91414	-0.76764	0.07756	0.88895	0.87768	0.13391	-0.23798	-0.47464	-1.08318	-0.74510	
YDL101c	2	-1.79616	-0.83620	1.98238	0.96115	-0.10092	-0.09071	-0.13156	-0.43793	-0.87705	-0.51962	1.82920	0.66500	0.41990	0.33821	-0.15198	0.10332	-1.35703	
YHR038W	2	1.32204	0.50071	-0.61929	-1.57129	-1.08596	-1.42196	-0.63796	-0.63796	0.70604	1.41537	1.73270	0.76204	-0.74996	0.07137	0.59404	-0.02196	-0.35796	
YML021C	2	-0.85912	0.05225	1.63273	1.69041	-0.21308	-0.54764	-0.82451	-0.68607	-1.15906	0.16762	1.70195	1.17128	0.27144	0.13301	-0.35152	-1.02063	-1.15906	
YML061c	2	0.01725	0.17391	2.60813	1.23034	0.12972	0.06947	-0.56921	-0.58528	-1.25208	-0.25992	1.01343	0.04135	-0.30812	0.64790	-0.22376	-1.34045	-1.39267	
YMR179w	2	-0.73393	0.17702	2.03346	0.00111	-1.01350	-0.21249	-0.44180	-0.79047	-0.76534	0.86808	2.51721	0.59165	-0.25019	-0.04601	-0.47321	-0.83131	-0.63027	
YML027w	2	-1.13943	0.83846	2.34284	0.21885	-0.42241	-0.10584	-0.59558	-0.89050	-1.05826	0.73564	1.87746	0.50024	-0.15454	0.01592	-0.45759	-0.83098	-0.87427	
YPL127c	2	-1.56555	-1.35378	1.26035	1.30998	1.36954	0.82025	-0.41402	-0.82102	-1.31738	-0.80448	-0.00701	1.04857	0.36029	0.68789	0.10219	0.25110	-0.92691	
YGL089c	2	-1.12876	0.04777	-0.33749	-0.86204	-1.18803	-0.91835	-1.19692	-1.10801	-0.61014	1.04351	1.26874	1.00795	0.13667	0.39154	0.69382	0.93090	1.82885	
YPL187w	2	-0.14428	0.03157	0.43816	-0.50920	-1.08859	-0.93713	-1.13331	-0.68200	-0.21747	3.18468	0.84374	-0.12700	-0.28659	-0.16664	-0.25813	0.34363	0.70854	
YDL227c	2	-0.95899	-0.66293	1.50320	-0.01161	-0.80602	-0.57905	-0.62839	-0.72708	-0.79122	0.56076	2.45058	1.57722	0.35352	0.26964	-0.37674	-0.66293	-0.50997	
YNL173c	2	1.90950	-0.16517	-1.47079	-1.16674	-0.57653	-0.71961	-0.93424	-1.13097	-0.14729	0.74697	1.65911	1.37295	0.28195	-0.11152	-0.27249	0.08522	0.63966	
YLL021w	2	-1.67799	-0.89402	1.68061	0.96791	1.64498	0.80755	0.37993	-1.01874	-1.08110	-0.47531	0.49575	0.21957	0.70956	0.18394	-0.06551	-0.72475	-1.15237	
YLR382c	2	1.03528	0.61465	2.09790	-0.42583	-0.55866	-0.29300	-0.42583	-1.13425	-1.11211	-0.31514	1.41162	1.01314	0.65893	-1.75411	-0.27086	-0.18231	-0.35942	
YJL196c	2	-0.07174	-0.06536	2.16952	0.89245	-1.15087	-1.17641	-1.52122	-1.45098	-0.78690	0.50294	1.46075	0.22837	0.16452	0.06874	0.01127	0.30500	0.41993	
YJR148w	2	-0.02906	-0.14401	0.64202	-0.56343	-1.19101	-1.68189	-1.56694	-1.06674	0.01444	2.10844	0.53328	0.98998	0.39036	0.02065	0.02376	0.31891	1.20125	
YOR317w	2	0.56053	-1.22931	-1.36376	-1.00243	-1.22091	-1.10327	-1.11167	-0.54867	0.47650	1.19916	1.64452	1.07312	0.63616	0.42608	0.35886	0.37567	0.82943	
YKL165c	2	0.45595	0.81787	1.73272	1.24010	-0.19752	-1.01184	-1.16263	-1.79599	-1.17269	-0.19752	1.03904	1.13957	0.63691	-0.03666	-0.49912	-0.54938	-0.43880	
YLL002w	2	-1.20072	-0.68221	1.98439	0.66167	-0.28011	-0.48116	-1.33828	-0.67163	-0.26952	1.10611	1.36007	1.67752	0.22782	-0.42825	-0.38592	-0.60814	-0.67163	
YPL124w	2	-1.15269	-1.33599	2.00022	0.38710	0.46959	0.48792	-0.50194	-1.02437	-1.01520	0.16713	1.41363	1.36780	0.50625	0.35044	-0.51111	-1.04270	-0.56610	
YKL101w	2	-1.53564	-1.16185	1.14044	0.82619	0.51856	-0.24556	-0.44734	-1.14531	-1.04607	0.12823	1.35876	1.87149	1.10075	0.01576	-0.13971	-0.68882	-0.54989	
YLR457c	2	0.57516	0.69477	2.78788	0.03694	-1.05447	-0.42654	-0.12752	-0.84516	-0.39664	-0.33683	1.17320	0.91903	0.05189	-1.35348	-0.69565	-0.69565	-0.30693	
YDR297w	2	-1.92967	-0.64609	0.81917	2.03956	1.64856	0.85077	0.02137	-0.13266	-0.35383	-1.13978	0.70464	0.46372	-0.56315	0.03322	-0.56710	-0.70533	-0.54340	
YBR070c	2	-0.37219	0.60535	3.19754	1.17923	-0.22143	-0.41110	-0.76613	-0.93148	-0.61050	0.26491	0.20655	0.38163	-0.05121	-0.45973	-0.58618	-0.75154	-0.67372	
YLR233c	2	-0.26399	-0.36408	3.15605	0.65359	-0.51423	-0.09715	-0.71443	-0.44750	-0.66438	0.01963	1.30423	0.21982	-0.14720	0.21982	-0.39745	-1.18156	-0.78116	
YPL057C/	2	-1.09562	-0.68543	-0.32082	1.22878	0.62109	-0.01698	-0.65505	-0.74620	0.05898	1.12243	1.74531	1.33512	0.92493	-0.76139	-1.08043	-1.62735	-0.04736	
YBR073w	2	-0.57190	-0.22350	2.33138	0.29462	1.31895	-0.69101	-0.28008	-0.87860	-0.98282	0.63706	1.21473	1.22664	-0.22946	-0.53616	-0.72972	-0.99175	-0.90838	
YGL200c	2	-1.29464	-0.65280	1.69716	0.23749	0.24784	-0.65280	-1.46028	-1.58450	-1.16006	1.03462	0.71370	1.22096	0.48595	0.68264	-0.09378	0.80687	-0.22836	
YHR153c	2	-0.89043	-0.41460	1.90506	0.44784	-0.71199	-0.41460	-0.65251	-0.94991	-0.74173	0.18018	1.69688	2.11323	0.38836	-0.23616	-0.35512	-0.74173	-0.62277	
YNL272C	2	-1.27583	-1.47021	1.26726	0.70033	-0.49833	-0.72510	-0.41734	-1.30823	-0.04478	0.02001	1.88278	0.92710	1.26726	0.82991	0.03621	-0.74130	-0.44973	
YOR316C	2	0.07070	-1.24883	-0.94834	-0.96140	-0.88302	-0.45188	-0.32124	-0.53027	-0.08607	2.42234	1.22039	1.41636	-0.71318	-0.63479	0.42345	0.48877	0.73700	
YKR077w	2	-0.95761	0.67673	0.75354	-0.52236	-0.65037	-0.29193	-0.84666	-0.94054	-0.67171	2.19158	2.29826	0.58712	-0.07857	-0.08710	-0.49675	-0.66744	-0.29619	
YDL105w	2	0.25246	-0.40562	1.74028	0.10940	0.30968	-0.66312	-0.74896	-0.83480	-1.06369	1.94057	1.31110	1.28249	-0.23395	-0.60590	-0.86341	-1.17814	-0.34839	
YPL267w	2	-0.84771	0.59053	2.75744	0.66372	-0.66634	-0.41496	-0.72361	-0.95908	-0.80953	0.42189	1.44648	0.70508	0.04960	-0.25905	-0.58042	-0.85407	-0.51997	
YDL156w	2	-0.21790	-0.63237	2.60565	0.48151	-0.50285	-0.91731	-1.17635	-0.81370	-0.34742	1.05140	1.33635	1.05140	0.14476	-0.16609	-0.71008	-0.68417	-0.50285	
YOL017w	2	-0.30074	-0.67302	2.30520	0.24527	-0.52411	-0.32556	-0.72266	-0.97084	-0.82193	0.66718	2.03220	1.01464	0.49345	-0.27592	-0.64820	-0.97084	-0.52411	
YBR071w	2	-0.48877	0.70319	1.78448	-0.43805	-0.27666	-0.55794	-0.89915	-1.24268	-0.81846	1.97122	1.79139	0.55102	-0.32969	-0.38272	-0.64324	-0.63632	-0.08761	
YLL022c	2	-0.62943	-0.50907	2.62038	1.56720	0.29737	-0.83405	-0.63545	-0.68359	-1.05672	0.61031	0.92326	0.50800	0.14090	-0.08779	-0.51508	-0.82803	-0.88821	
YLR236c	2	0.03871	-0.16376	2.56953	1.53189	-0.21438	-0.66992	-0.84708	-1.07486	-0.94831	1.10165	0.79795	0.16525	0.16525	-0.44215	-0.26499	-0.69523	-1.04955	
YCL022c	2	-0.33975	-0.57144	1.39792	0.18983	-0.52179	-0.60453	-0.62108	-0.88587	-0.68728	1.56342	2.07644	1.53032	0.22293	-0.48869	-0.67073	-1.10101	-0.48869	
YCL024w	2	-0.57532	0.05358	1.91857	0.16201	-0.57532	-0.48857	-0.57532	-0.77049	-0.66206	0.20538	2.02700	1.48485	1.00776	-0.87892	-0.64037	-0.98735	-0.70543	
YLR121c	2	-0.09105	0.13117	2.42235	1.15032	0.03155	0.19247	-0.10638	-0.94162	-1.40906	-0.25963	1.49515	0.90511	-0.64277	-0.47419	-0.46653	-0.90331	-1.03358	
YHR154w	2	-0.92964	-0.32408	2.47811	0.53082	-0.27659	-0.07473	-0.65655	-1.09587	-0.77528	-0.30033	1.21950	1.58758	0.69706	0.03213	-0.32408	-0.94151	-0.84652	
YHR110w	2	0.09612	-0.28617	1.24299	1.31046	-0.83337	-0.53353	-1.22315	-1.59045	-0.67595	0.65832	1.88764	1.46038	-0.06879	0.07364	-0.07628	-0.71343	-0.72842	
YDL010w	2	-0.45461	-1.19909	2.07425	1.21160	0.40804	-0.71459	-0.83867	-0.96866	-0.67323	0.60893	1.12297	1.32977	0.71528	-0.34235	-0.65550	-0.94502	-0.67914	
YPR174c	2	-0.00072	0.64591	3.17142	0.74351	-0.91576	-0.59854	-0.87915	-0.56194	-0.68395	-0.52534	0.63371	0.75571	0.10909	-0.58634	-0.59854	-0.30573	-0.40333	
YJL181w	2	-1.08144	-0.01462	1.76686	0.29610	-0.37713	-0.23213	-0.89501	-1.00894	-0.82251	0.53432	2.55403	0.91755	-0.16998	0.29610	-0.40821	-0.87429	-0.48071	
YLR183c	2	-1.02815	-0.46501	2.30286	1.28284	0.03969	-0.43845	-0.61376	-1.00690	-0.92189	-0.10906	1.70785	0.88439	0.45938	-0.05594	-0.52876	-0.74127	-0.76783	
YOL007c	2	-0.65148	0.62548	2.42299	1.65302	0.06156	-0.36681	-0.70028	-0.97140	-1.00935	-0.32343	0.94811	0.85593	0.25676	-0.29632	-0.76535	-0.84397	-0.89549	
YIL026c	2	-0.33032	0.14806	2.73129	0.84722	0.26581	0.29525	-0.72038	-1.08100	-1.06628	-0.02121	0.93554	0.85458	0.25845	-0.13897	-0.86757	-1.19140	-0.91909	
YJR043c	2	-0.99931	0.02614	2.25649	1.73522	0.51323	0.52177	0.31668	-0.04222	-0.52077	-1.66585	0.08596	0.42777	0.34232	-0.23022	-0.61477	-1.35821	-0.79422	
YKL108w	2	-0.07722	0.78047	3.08223	0.93800	-0.65485	-0.27852	-0.56733	-0.75988	-0.39229	-0.84739	-0.06847	0.91175	0.38663	-0.19975	-0.78613	-0.79488	-0.67236	
YLR326w	2	0.28473	-0.67987	1.81419	1.67515	0.88435	0.36294	-0.64511	-1.63579	-0.87106	-0.61035	1.05815	0.76269	0.09355	0.14569	-0.99272	-0.54952	-1.09700	
YLR381w	2	-0.32517	0.08890	2.49052	0.85494	0.08890	0.50298	0.06820	-1.02909	-1.13261	-0.71854	1.45534	0.81353	0.17172	-1.23613	-0.57361	-0.69783	-0.82205	
YNL273w	2	-0.82044	0.18238	2.35362	0.15478	-0.47083	-0.51683	-0.76524	-0.93084	-0.38803	1.13920	1.31400	1.51641	0.16398	-0.47083	-0.93084	-0.64564	-0.88484	
YPL014w	2	0.31166	-1.14157	0.88690	-0.38468	-0.89936	-0.53606	-1.02047	-1.23240	-0.35440	0.79607	2.52178	0.82635	1.25021	-0.23330	-0.38468	-0.62688	0.22083	
YJL018w	2	-0.16842	-0.72259	2.69479	0.97070	0.04709	-0.23000	-0.56866	-1.43070	-0.66102	-0.38393	0.87834	0.78598	0.93992	0.13945	-1.12283	-0.59945	-0.56866	
YBR089w	2	-0.88071	-0.22823	1.93116	0.92914	0.01257	-0.68652	-0.81857	-0.98945	-1.02441	0.92137	1.50783	1.41073	0.51746	-0.34474	-0.44184	-1.09043	-0.72536	
YLR349w	2	-1.63390	-1.21645	0.02861	0.39161	-0.20007	-0.62115	-0.44328	0.09395	0.29723	0.83083	2.90715	0.85624	0.34442	-0.09481	-0.16377	-0.69374	-0.68285	
YCL061c	2	-0.74023	-0.93346	1.16789	0.99882	0.20175	-0.52285	-0.57116	-0.59531	-0.45039	-0.18470	1.74758	1.89250	1.14374	-0.59531	-0.95761	-1.29576	-0.30547	
YDR309c	2	-1.17755	1.63618	-0.09644	-0.60120	-0.74081	-0.39357	-0.85894	-0.96992	-0.59404	0.67321	2.55619	1.12785	-0.32555	0.49422	-0.38283	-0.25754	-0.08928	
YKR013w	2	-0.36372	-0.00345	2.52620	2.00458	-0.02002	-0.32614	-0.82566	-0.84776	-1.16825	-0.20458	0.94807	0.29383	-0.14380	0.16122	-0.36924	-0.77704	-0.88423	
YJL078c	2	-0.44288	-0.01128	-0.80254	-0.39492	-0.41890	-0.20310	-0.82651	-0.97038	-0.58674	1.18759	2.45839	1.47531	1.45134	-0.20310	-0.63470	-0.70663	-0.37094	
YKL161c	2	-0.80960	-1.33011	-1.09988	-0.69950	-0.70951	-0.41923	0.03121	-0.40922	-0.13896	1.19233	2.37346	1.51263	1.19233	0.03121	-0.28910	-0.39921	-0.02885	
YDL018c	2	-0.50737	0.47983	2.55011	1.16240	-0.85712	-0.60891	-0.99250	-1.23507	-0.92481	0.44598	1.07778	0.72803	0.54188	-0.15198	-0.50173	-0.59763	-0.60891	
YKR083c	2	-1.74810	-0.33014	0.86968	0.39372	0.12599	-0.95484	-1.30189	-0.34005	-0.77635	2.30747	1.02833	1.42496	-0.23098	-0.30039	-0.16157	-0.02275	0.01692	
YDR383c	2	0.60885	-0.83078	0.83224	0.83224	-0.75632	-0.48328	-1.84845	-1.05417	-0.60739	0.41028	1.37830	1.67616	0.41028	0.60885	-0.35918	-1.40167	0.58403	
YDR013w	2	-0.72155	-0.48686	2.78311	1.75049	-0.62767	-0.01749	-0.59638	-0.58074	-0.11136	0.51447	0.67093	0.23285	0.09203	-0.56509	-0.58074	-1.30044	-0.45557	
YGR238c	2	0.62334	-0.01647	2.58274	0.42340	0.58335	0.90325	-0.65627	-0.93618	-1.13612	0.14349	0.34342	0.78329	0.06351	-0.29638	-1.53600	-1.09614	-0.77623	
YHR113w	2	0.96058	0.56132	-0.03758	-0.19728	-1.99397	-1.23537	-0.59655	-1.07566	0.32176	0.76095	1.91881	1.16021	0.84080	-0.67640	0.40161	-0.39691	-0.71633	
YDL119c	2	1.58028	-1.10342	-1.39542	-1.04780	-0.43597	-0.38035	-0.47768	-0.51940	-0.38035	0.14805	1.52466	2.26163	0.55130	-0.10224	-0.40816	-0.29692	0.48177	
YDL124w	2	3.00397	1.52214	-0.56691	-0.82317	-0.16581	-0.68390	-1.00143	-0.54463	-0.47778	0.31327	0.39127	0.13501	-0.17138	-0.69504	-0.77860	0.04588	0.49711	
YHR039c	2	-0.69963	-1.73334	-1.50758	-0.77686	-0.83627	-0.55110	0.01328	-0.11742	0.22715	1.46879	1.99159	0.88659	1.05887	-0.11742	0.10239	-0.11148	0.70242	
YDR493w	2	1.47815	0.59634	-1.09719	-1.41254	-1.06215	-0.71760	-0.91616	-0.41978	-0.19203	0.11748	1.14528	0.42115	-0.72928	0.47371	-0.24458	0.28684	2.27236	
YNL309w	2	-0.22859	0.63285	2.60459	1.05400	-0.68803	-0.70717	-0.82203	-1.51118	-0.28602	0.57542	0.95828	0.74771	0.15427	-0.45831	-0.86032	-0.28602	-0.87946	
YPL208w	2	-0.62618	-0.47213	2.80150	1.87718	-0.36429	-0.27956	-0.69551	-0.97280	-0.73402	0.07476	0.78341	0.35206	-0.05618	0.02855	-0.31037	-0.71861	-0.68780	
YLR376c	2	-0.87895	0.35594	2.70222	1.24281	0.49065	0.07528	-0.54216	-1.37290	-0.93508	0.58046	0.55801	0.38962	-0.17170	-0.14924	-1.20451	-0.54216	-0.59829	
YNL300w	2	-0.77436	-0.43797	2.66132	1.95490	0.57121	0.13390	-0.38863	-0.79006	-0.95826	-0.39984	0.64521	-0.39984	0.18996	0.03522	-0.42900	-0.86631	-0.74745	
YAR003W	2	-0.42776	0.45695	2.70110	0.39222	-0.68670	-0.34145	-0.16882	-0.31987	-0.10408	-1.09669	0.56484	0.69431	1.53587	-0.98880	-0.29829	-0.66512	-1.24774	
YCL060c	2	-0.11019	-0.41726	1.76297	1.30236	-0.23302	-1.00070	-1.09282	-0.69363	-0.47867	-0.20231	1.42518	1.42518	1.21023	-0.50938	-0.66292	-1.24636	-0.47867	
YDL103c	2	-1.20921	0.62909	2.79112	0.64065	-0.22647	-0.29584	-0.75831	-0.87393	-0.88549	0.43254	1.06843	0.88345	-0.30740	-0.61957	-1.02423	-0.04149	-0.20335	
YGL028c	2	-0.37687	-0.28891	-0.83137	-0.67009	-0.55281	-0.56747	-0.46484	-0.69942	-0.80204	1.48507	2.52601	1.39711	1.19185	-0.17162	-0.50882	-0.64077	-0.02501	
YNL303w	2	-0.76627	0.20831	2.45661	0.69078	-0.49609	-0.91101	-0.97856	-0.91101	-0.77592	0.96096	1.71361	0.72938	-0.29345	0.02497	-0.57328	-0.50574	-0.57328	
YNL310c	2	0.92213	0.30992	2.57041	0.80440	-0.70848	-0.70848	-1.00282	-1.09112	-0.48479	0.06268	0.96923	1.05164	-0.23166	-0.67316	-1.23240	-0.01974	-0.53777	
YOR144c	2	-0.83136	1.02493	2.35386	0.43429	-0.00869	-0.38838	-0.76807	-0.81026	-0.66260	0.62414	1.21477	1.32024	-0.19853	-0.83136	-1.02120	-0.36729	-1.08449	
YDR113c	3	-1.10658	-0.61428	0.88500	1.28034	2.04117	1.07894	-0.59190	-0.86789	-1.17372	-1.00216	0.01974	0.88500	0.71344	0.43746	-0.18165	-0.80822	-0.99470	
YNL126w	3	-0.33677	-0.25877	0.38082	1.16081	1.25441	1.80040	0.64601	-0.63317	-1.08556	-1.67835	-0.83596	-0.16517	1.12961	0.73961	-0.05598	-1.13236	-0.92956	
YEL061c	3	-1.11905	-0.79778	0.51025	1.33638	1.70355	1.15280	0.39551	-0.26998	-1.18789	-1.50917	-0.79778	-0.13229	1.12985	0.99216	0.00540	-0.66009	-0.75188	
YHR172w	3	-0.70615	0.12617	1.72678	1.79081	0.86245	1.34264	0.19019	-0.86622	-0.93024	-0.83420	-0.35402	-0.19396	0.70239	0.31824	-0.73817	-0.96225	-1.47445	
YPR141c	3	-0.64054	-0.85859	0.85859	2.27596	1.55365	1.39011	0.16354	-0.50425	-0.92674	-1.00851	-0.62691	-0.42248	0.43611	0.23168	-0.13628	-0.94037	-0.84497	
YLR045c	3	-1.64677	-1.61786	-0.16269	0.34806	2.11160	1.07082	0.61789	-0.25906	-0.76981	-1.32875	-0.27834	0.11678	0.84918	0.77208	0.71426	-0.11451	-0.42289	
YGR140w	3	-0.88064	-0.62014	1.86223	1.20333	1.34124	1.41785	0.16135	-0.74273	-1.04919	-0.95725	-0.43626	0.05408	0.60572	0.65169	-0.58950	-0.74273	-1.27904	
YBL063w	3	-1.11583	-1.37589	0.01620	0.70459	2.41793	0.91876	0.24566	-0.64160	-0.58041	-1.48297	-0.41214	0.70459	1.14822	0.45983	-0.13678	-0.24386	-0.62630	
YDR488c	3	-1.32845	-0.31438	0.83673	1.63155	-0.42401	0.31599	-0.61586	-1.49290	-0.45142	-0.20475	0.67229	1.49451	1.38488	0.91895	-0.78030	-1.16401	-0.47882	
YMR198w	3	-1.76320	-1.06307	-1.98199	-0.49421	0.68726	0.84042	0.29344	0.92793	0.46847	-0.60361	-0.73488	0.07465	1.49679	0.40283	0.07465	1.38739	-0.01287	
YOR026w	3	-1.81912	-0.04586	2.81276	0.67262	0.35924	-0.19108	-0.15287	-0.07643	-0.47389	-0.12229	0.58090	1.29937	-0.34395	-0.42803	-0.51211	-0.57325	-0.98599	
YDR356w	3	-1.31906	-1.03499	-0.04073	0.63394	1.71697	1.87676	-0.52010	-0.83969	-0.73316	-0.91070	0.29661	1.02454	1.13107	0.52741	-0.25379	-0.73316	-0.82193	
YIL140w	3	-0.53322	-0.61812	2.29658	1.68346	0.28742	-0.08046	-0.75018	-0.99543	-1.09919	-0.55209	0.67416	1.19296	0.78735	-0.14648	-0.61812	-0.75961	-0.76904	
YKL067w	3	-0.44788	-0.82160	0.11080	0.97149	0.45810	-1.20287	-1.49731	-1.86348	-0.69325	0.83181	0.30710	2.01714	0.86956	-0.02509	-0.16099	0.46942	0.67704	
YJR006w	3	-0.55181	-0.65137	2.35754	1.14070	0.37741	0.51016	0.16723	-0.45225	-0.18676	-1.07173	-1.95670	1.16283	0.65397	0.15617	-0.46331	-0.72880	-0.46331	
YBL003c/	3	-1.27887	-1.59422	0.34241	0.63180	1.97668	-0.97465	-0.09351	-0.66671	-1.23806	-0.38475	0.29047	0.93416	0.00480	0.57058	1.64649	0.30902	-0.47565	
YBL002w/	3	-1.62991	-1.33230	0.17743	1.00825	1.63447	-0.71539	-0.56968	-0.70144	-1.14010	-0.74329	0.36189	1.45001	0.79900	1.01135	0.53859	0.41149	-0.56038	
YMR190c	3	-0.31637	-1.02006	-0.49229	0.06061	1.87010	1.97063	1.46799	0.21140	-0.06505	-1.59809	-0.61795	-0.26610	0.43759	0.21140	-0.64308	-0.03992	-1.17085	
YJL115w	3	-0.06999	0.28558	2.70615	1.37278	-0.39136	-0.48709	-0.75376	-0.91103	-0.35717	-0.97257	-0.97257	1.20184	0.82576	-0.01528	-0.53495	-0.63068	-0.29563	
YDL197c	3	0.07492	-0.46774	2.38952	1.66966	0.48468	-0.09120	-0.95502	-0.99932	-0.93288	0.05277	0.82799	0.92766	-0.01368	-0.27947	-0.73353	-1.27619	-0.67816	
YCR065w	3	-1.53560	-0.13771	1.83281	1.31071	0.58650	-0.01981	-0.69350	-0.32297	-0.89560	0.06440	1.05808	1.20966	0.92334	-0.22192	-1.06402	-1.04718	-1.04718	
YPL016w	3	-1.64919	-1.43639	0.15960	0.85119	1.82652	1.64919	0.78026	0.67386	0.17733	-1.02852	-0.31920	-0.90439	0.46106	0.19506	-0.17733	-0.99306	-0.26600	
YBL052c	3	-0.89082	-1.71441	-1.76483	-0.31935	1.47910	0.30254	1.42867	0.99167	0.23531	-0.95805	-1.09251	0.11766	1.02528	0.43701	0.55466	0.11766	0.05042	
YBR275c	3	-0.92868	-0.27826	1.70258	1.00781	1.45128	-0.38173	-0.72173	-0.20434	-0.95824	0.71216	1.08172	1.09650	0.44608	-0.78086	-0.88433	-1.46084	-0.89912	
YIL126w	3	-2.17394	-0.94788	-0.69766	-0.72268	0.90372	2.25489	0.62848	0.60346	0.82866	-0.37238	-0.62260	0.20312	1.02883	0.10303	-0.27229	-0.24727	-0.49749	
YFR037c	3	-1.45786	-0.19207	1.49086	1.97992	0.36891	-0.00508	0.35452	-0.00508	-0.40783	-1.45786	-0.98319	0.16753	1.60594	-0.03384	-1.05511	0.25384	-0.62359	
YKL127W/	3	-1.51351	-1.43761	0.83176	1.78049	-0.46611	-0.12456	-0.18528	-0.48888	-1.10366	0.17144	1.46172	0.78622	0.78622	0.93043	0.32324	-0.60273	-1.14920	
YAR008w	3	-1.05606	0.18771	2.73178	0.79703	-0.25829	-0.68544	-0.67916	-0.92414	-0.61006	0.23168	0.85357	0.65884	1.16765	-0.08868	-0.51584	-1.03721	-0.77338	
YER001w	3	-1.48932	0.14778	1.61507	1.25804	1.44091	0.03893	-0.35293	-0.94071	-1.45448	-1.31080	0.06070	0.76169	0.84877	0.71815	-0.17006	-0.34857	-0.82316	
YER003c	3	-1.50453	-0.88809	1.38564	1.74943	1.38564	-0.08976	0.01129	-0.45356	-1.14073	-0.76683	0.09214	0.75910	1.14311	0.47615	-0.56472	-0.45356	-1.14073	
YDL093w	3	-0.21165	-1.28939	1.54590	2.19255	1.26403	0.00390	0.08680	-0.32771	-0.36087	-0.52668	0.35210	0.89926	0.16971	-0.65933	-0.69249	-0.99094	-1.45520	
YIR017c	3	-0.80628	-1.11655	-0.40475	1.43863	2.53370	1.78540	-0.42300	-0.82453	-0.75152	-0.80628	-0.24049	0.19754	-0.00322	-0.11273	-0.13098	-0.22224	-0.11273	
YKR001c	3	-1.91457	-1.53469	-0.42546	0.89650	1.04845	0.66858	0.16714	-1.32196	-0.33429	-1.32196	0.80533	0.82053	1.44352	0.51663	0.13675	0.00000	0.34948	
YDL095w	3	-0.14587	-1.01456	0.99133	1.57573	0.65175	-0.69077	-0.73026	-1.19620	-1.00666	0.54119	1.29932	1.65470	0.49381	-0.29591	0.00418	-0.69077	-1.44101	
YNL073w	3	0.71455	-0.57332	-0.93902	-0.90722	-1.43191	-1.20931	-0.71642	-1.08212	0.15806	1.35054	1.43004	1.71623	0.87355	0.23756	0.09446	-0.38253	0.66685	
YER118c	3	-1.71413	-0.69485	0.82709	1.02256	0.36632	-0.10842	-0.84844	-0.52730	-0.93222	-1.02996	0.05914	1.30182	2.04184	1.21804	-0.42956	-0.06653	-0.48541	
YJR137c	3	-1.26337	-1.11770	-1.02269	0.17436	2.85981	1.21307	0.33903	-0.26899	-0.71868	-0.73135	-0.64268	-0.19932	0.32003	-0.00931	0.02235	0.31370	0.73172	
YER017c	3	0.42834	0.70091	-0.35046	-0.97349	1.47971	-1.59653	-0.03894	-0.23364	0.07788	1.12925	0.89561	0.70091	0.38940	-0.27258	-2.49214	-0.38940	0.54516	
YER016w	3	-0.89228	-0.67383	0.54131	3.03985	0.86899	0.03614	-0.14135	-0.26423	-1.43841	0.18633	0.14537	0.36382	0.03614	0.51400	-0.87863	-0.59191	-0.85132	
YCR035c	3	-0.11804	-1.87731	-1.17635	-0.46165	1.36635	0.12936	1.86114	0.56918	0.51420	-1.32754	-0.91521	0.23931	0.48671	-0.03557	0.47297	-0.80526	1.07772	
YOL019w	3	-1.70369	-1.38729	0.14603	0.80317	0.43201	0.04259	-0.68148	-1.23518	-0.66322	1.29602	1.26560	1.88014	0.73624	-0.13995	-0.71190	-0.04868	-0.03042	
YLR151c	3	0.61746	-1.04069	2.93887	0.99235	0.01187	-0.78115	-0.42069	-1.08395	-0.85325	0.02629	-0.42069	1.05002	0.51653	-0.17557	-0.43511	-0.39185	-0.55046	
YOR284w	3	0.40045	0.28039	2.96986	1.52907	-0.05580	-0.16385	-0.54806	-0.81221	-0.94428	-0.35596	0.43647	0.35243	-0.16385	-0.52405	-0.98030	-0.77619	-0.64412	
YMR048w	3	0.27234	-0.26187	3.21048	0.15363	-0.88511	-0.84059	-0.66252	-0.97414	-0.66252	0.04975	0.65816	0.89558	0.48009	0.03492	-0.58833	-0.49929	-0.38058	
YKR010c	3	-0.83259	-0.41277	-0.14288	0.75674	2.52600	0.81672	0.88669	-0.64267	-0.84259	-1.08249	-1.27241	-0.84259	0.78673	0.75674	0.58681	-0.48274	-0.56271	
YHR061c	3	-0.36550	-1.19029	-0.14555	0.34933	0.95417	1.83396	0.67924	-1.02533	-0.86037	-1.30027	0.01941	0.51428	0.73423	0.95417	1.00916	-0.36550	-1.79514	
YEL017w	3	-0.76693	-0.48101	-0.19510	0.94857	1.86349	0.63406	-1.05284	-0.36664	-0.50960	-0.73833	-1.39594	-0.25228	1.92068	1.23448	-0.85270	0.43392	-0.42383	
YLL062c	3	-0.98580	-0.75452	-0.87016	1.27358	2.58118	1.62050	-0.27418	-0.90574	-0.75452	-0.28308	-0.41650	0.20616	0.08163	-0.49656	-0.54104	-0.15854	0.67761	
YJR155w	3	-0.13859	0.92486	2.59366	1.17027	0.13955	-0.95662	-1.64377	-1.15295	-0.84210	-0.18767	0.33588	0.89214	-0.05678	-0.12222	-0.49852	-0.36764	-0.08950	
YLR126c	3	0.52798	0.04135	2.64751	1.20925	0.16030	-1.15900	-0.73726	-1.61319	-0.72644	-0.65075	-0.83458	0.64693	0.75507	0.05216	-0.28307	-0.09923	0.06298	
YJL118w	3	-1.66082	-1.78485	-0.17237	1.48662	1.19203	1.17653	-0.40494	-0.29641	-0.52898	-0.42045	0.41680	0.74240	0.81992	1.23854	-0.29641	-0.48247	-1.02513	
YDR179c	3	-0.29053	-0.01401	0.01672	1.77573	1.43775	1.77573	0.71571	-0.02937	-0.63619	-1.63475	-1.35055	-0.42111	-0.26749	0.76180	-0.28285	-0.72068	-0.83590	
YDR219c	3	-1.19833	-1.53506	-1.73709	0.83883	0.46844	1.84900	-0.22184	0.26641	0.55262	-1.34986	-0.72692	0.35059	0.83883	0.95669	0.55262	-0.05348	0.14855	
YNL176c	3	-0.91509	-1.44380	-1.80984	-0.06101	1.42347	1.24045	1.13877	0.48805	0.28469	-1.46414	-0.38637	0.18302	1.38280	0.12201	0.38637	-0.12201	-0.44738	
YER018c	3	-0.79373	-0.71232	0.73268	1.56711	2.74753	0.69197	0.08141	0.02035	-0.87514	-0.63091	-0.85479	-0.14246	0.02035	0.14246	-0.18317	-0.56986	-1.24148	
YBR156c	3	-0.78569	-0.80762	0.09160	0.88116	2.48221	1.45140	0.44251	0.48638	-0.52250	-0.36898	-0.54444	0.17933	0.63990	-0.43477	-0.50057	-1.48752	-1.20240	
YLR455w	3	-1.22726	-0.74724	-1.83607	0.59917	1.53580	0.92699	-0.33746	0.64600	-0.94627	-0.98140	-0.44283	0.03719	0.59917	1.27823	1.44214	0.02548	-0.57162	
YBR184w	3	2.43251	0.86131	-0.50931	0.99503	1.42961	0.42672	-0.07473	0.05899	-0.44245	-1.27820	-1.04419	-0.07473	0.42672	-0.97733	-0.57617	-0.60960	-1.04419	
YLR228c	3	0.68469	-0.17337	0.53546	1.35621	2.21427	0.42354	-0.80758	0.68469	0.16239	0.23701	-1.81487	-0.28529	0.12509	-1.25527	-1.29257	-0.13606	-0.65836	
YDR252w	3	1.68273	-0.35358	-1.13866	0.16163	1.80540	0.70138	-0.50078	0.60324	-0.32904	-2.24268	-1.04052	-0.15731	0.28430	0.45604	-0.45171	0.75045	-0.23091	
YNL304w	3	-1.84045	-0.36077	1.56924	0.11101	0.45412	-0.78966	0.43268	0.06812	-0.96122	0.00378	1.09746	2.23402	0.00378	-0.08199	-0.78966	-0.03910	-1.11133	
YGR189C	3	-0.01065	-0.23524	2.63755	0.88773	0.36479	-0.37938	-0.53023	-1.14367	-1.17384	1.28663	0.39161	0.25752	0.27428	-0.66432	-1.49565	-0.56375	0.09662	
YAL034W-a	3	-0.97619	-0.11512	2.10279	0.74595	0.87642	-0.16730	0.17191	-0.76744	-1.26321	0.51112	0.45893	0.98079	1.18954	-0.32386	-0.79354	-1.34149	-1.28930	
YBR007c	3	-1.05456	-0.57406	1.71244	0.83429	1.91127	1.34793	0.35379	-0.06043	-0.73975	-1.15397	-0.20955	0.35379	0.53605	-0.83917	-0.47465	-0.67348	-1.26996	
YBR276c	3	-0.78256	1.23824	1.06984	1.29437	0.15299	-1.17550	0.02201	0.30268	-0.09025	-0.25865	1.59375	0.80788	0.34010	-1.30648	-0.29608	-1.69941	-1.21292	
YCRX04w	3	-1.56121	0.50435	-0.59988	-0.71679	0.10164	0.75118	2.01131	0.85511	-0.01528	-1.41831	-1.08054	-0.98960	0.01070	0.20556	0.85511	1.42671	-0.34006	
YDL096c	3	0.40848	-0.43323	0.61890	0.95559	-0.30698	-0.26489	-0.93826	-0.13863	-0.05446	-1.44328	0.99767	1.79729	2.00772	-0.43323	-1.27494	-0.81200	-0.68574	
YEL018w	3	-0.81842	0.27394	0.61889	0.99259	1.76874	0.70513	-0.55971	0.07271	-1.04840	-1.24962	-1.59458	-0.78968	0.50391	1.51003	-1.07714	0.64764	0.04396	
YER019w	3	-0.37770	-0.52640	1.92032	2.46103	0.92000	-0.05328	0.06838	-0.36418	-1.05359	-0.31011	-0.48584	-0.55343	0.78483	0.17653	-0.52640	-0.95897	-1.12118	
YFR026C	3	1.30555	1.60266	2.55342	0.20623	0.14681	-0.53655	-0.98222	-0.80395	-0.83366	0.08739	0.14681	0.32508	-0.35828	-0.32857	-1.01193	-0.74453	-0.77424	
YFR027W	3	-0.41517	0.64094	2.85621	1.25916	-0.28638	-0.41517	-0.64700	-0.90459	-0.72428	0.64094	0.74398	0.46063	-0.23486	-0.36366	-0.85307	-0.77580	-0.98187	
YFR038w	3	-1.09329	0.55037	2.00437	1.43541	0.61358	-0.33468	0.42393	0.04462	0.04462	-1.72547	0.67680	0.92967	-0.08181	-0.77721	-0.39790	-1.09329	-1.21973	
YKL066W	3	-0.26985	-1.01234	-0.27317	0.89691	0.73118	-0.44885	-0.61790	-1.36038	-0.85655	2.42829	0.36325	1.15214	-0.80020	0.03510	-1.23111	0.70135	0.56213	
YLL061w	3	-0.71279	-0.60799	-0.22809	1.69759	2.94208	0.91160	-0.39839	-0.69969	-0.41149	-0.39839	-0.79139	-0.45079	-0.09709	-0.71279	-0.49009	0.08631	0.36140	
YNL072W	3	-1.16680	0.15557	1.28560	0.10749	-0.13294	-0.92637	-0.92637	-1.40723	-0.42146	1.95881	1.11730	1.71838	0.17962	0.03536	-0.27720	-0.46955	-0.83019	
YIL050w	4	-1.46188	-1.74081	-1.04350	-0.40198	1.46681	2.02465	0.65793	0.10008	0.10008	-1.07139	-0.82036	0.18376	0.35111	0.74161	0.51847	0.23955	0.15587	
YIL106w	4	-1.36396	-1.03654	-1.18537	-1.06631	-0.45611	0.58568	1.56794	1.19587	1.98466	0.13920	-0.06916	-0.56029	-0.75377	-0.03940	1.10658	0.04990	-0.09893	
YBL097w	4	-1.81637	-1.08263	-0.96034	-1.02148	1.66890	1.36318	1.42432	0.69058	-0.16545	-0.34889	-0.59347	-0.16545	0.26256	0.93516	0.44600	-0.83805	0.20142	
YKL049c	4	-1.72573	-1.77645	0.40458	0.92194	1.72334	0.69876	0.01910	-0.35624	-0.97505	-0.85332	-0.43740	0.15097	0.62775	1.24656	0.97266	0.04953	-0.69101	
YCL014w	4	-0.92310	-0.94508	-1.07696	-0.59342	0.35166	0.85717	1.78027	2.21985	0.85717	-1.16487	-0.74728	-0.74728	-0.21979	0.41760	0.26374	-0.50551	0.17583	
YOR188w	4	-0.80905	0.04942	0.65219	0.90790	1.27321	2.25955	1.16362	0.41473	-0.79079	-0.90038	-0.99171	-0.06017	-0.09670	-0.22456	-0.31589	-1.10130	-1.43008	
YJR076c	4	-1.00311	-1.37785	-0.43406	0.35242	1.07414	1.51827	0.72716	1.07877	-0.55435	-1.39635	-0.39243	-0.78567	-0.23050	1.54603	1.12040	-0.36467	-0.87820	
YJL099w	4	0.29454	-1.59894	-1.09401	-0.18935	-0.31558	2.06179	1.89348	0.00000	0.14727	-0.29454	-1.36751	-0.65220	-0.21039	1.15713	0.48389	0.08415	-0.39973	
YKL048c	4	-0.87490	-1.57719	-1.27621	0.07820	0.73032	1.23195	0.70523	-0.49868	-0.27295	-1.50194	-1.05048	-0.19770	1.20687	1.23195	1.23195	0.45442	0.37917	
YBR038w	4	-1.03506	-1.26889	-0.95155	-0.77617	-0.63420	-0.18324	1.77930	1.77095	1.81270	0.11741	-0.27510	-0.78452	-0.26675	-0.52563	0.61013	0.60178	0.00884	
YJL092w	4	-1.27678	-1.10499	-0.08172	1.00877	1.65858	2.25611	0.55315	-0.11907	-0.70913	-0.71659	-0.71659	-0.23857	0.03032	1.01624	0.05272	-0.66431	-0.94814	
YCR084c	4	-1.57833	0.08352	-0.19077	1.06772	1.34201	0.90638	1.27747	1.09999	-0.77161	-0.73934	-1.01363	-0.90068	0.42234	0.79344	0.51915	-0.91682	-1.40085	
YGL255w	4	-1.37568	-0.68707	-1.05086	-0.59613	-0.27131	0.30036	1.28779	0.58619	0.19642	-0.66109	-1.25874	-1.01189	-0.07643	0.59918	1.31377	2.11931	0.58619	
YLR014c	4	-0.44395	3.40084	0.35349	-0.55787	-1.18443	-0.84267	0.23957	0.58133	0.18261	-0.30155	-0.33003	-0.72875	-0.27307	-0.35851	0.43893	0.15413	-0.33003	
YJL137c	4	-0.61994	-0.83114	-2.09834	-0.09193	1.59767	1.97783	0.58391	0.98519	-0.09193	-0.66218	-0.87338	-0.74666	-0.00745	0.45719	0.71063	0.18263	-0.47210	
YOR274w	4	1.55805	0.98949	-0.02018	-1.07887	-0.95143	-0.03979	0.92087	1.78351	1.47962	-0.49071	-0.96124	-0.97104	-0.61814	-0.59854	-0.58874	-0.92203	0.50916	
YBR104w	4	-2.14592	0.08034	1.34346	-0.48807	-0.98542	-0.86701	0.73558	0.36454	-0.44860	-0.93016	-0.51965	-0.33018	0.28560	0.47507	1.70661	1.49346	0.23033	
YJR112w	4	-1.60405	-1.49495	-0.14205	1.32723	1.19630	0.52712	-0.00385	-0.81850	-0.54210	-0.78940	-0.88396	-0.09113	0.54167	1.92366	0.94172	0.42529	-0.51301	
YCR073c	4	-1.74076	-1.08277	-0.22231	-0.34041	0.01389	2.25783	2.35906	0.16574	-0.34041	-0.18857	-0.22231	-0.39103	-0.28980	-0.27292	0.19948	0.48630	-0.39103	
YDL198c	4	-1.25558	-1.25558	-1.25963	-0.60250	-0.14412	-0.07111	-0.15223	-0.48892	-0.54976	-0.52542	-0.20497	0.05464	0.40755	1.12553	1.42165	2.20048	1.29996	
YLL046c	4	2.15286	1.17416	0.40031	0.10443	0.71896	1.33349	0.42307	-0.16869	-0.82874	-1.12463	-1.80744	-1.23843	-0.37354	0.10443	-0.05489	-0.21421	-0.60114	
YDR389w	4	-0.69146	0.02136	-1.02770	-1.65983	0.22310	1.82359	1.21837	-0.18038	-0.34178	-0.81251	-0.09968	-0.82596	-1.09495	1.29906	0.55934	1.46046	0.12896	
YDR464w	4	-0.27668	1.42526	-0.95745	0.16686	1.61092	1.80690	-0.09101	0.13591	-0.44171	-1.30815	-1.19469	-0.69958	-0.42108	1.33242	0.00182	0.04308	-1.13280	
YKL068w	4	-0.79216	0.15118	-0.36887	0.14513	0.41120	0.93124	0.85263	2.70906	-0.22979	-1.05218	0.26002	-0.93124	-0.43539	0.29630	0.62889	-1.23964	-1.33639	
YIL131c	4	-1.22318	-1.08276	-1.04766	0.12252	2.02992	2.24055	0.82463	0.23954	0.12252	-0.76681	-0.96574	-0.45086	0.18103	0.43847	0.07572	-0.14662	-0.59129	
YDR451c	4	-1.34835	-0.55538	-0.69283	-0.33336	1.15741	2.17241	-0.07961	-0.40736	-0.70340	-1.18975	-0.73512	-0.35450	0.52304	1.84465	0.86137	0.06841	-0.22763	
YCR085w	4	-0.98824	-0.23340	-0.85275	0.11499	1.79887	2.06983	1.27628	0.46338	-0.52372	-1.02695	-0.93017	-0.85275	-0.42695	0.77306	0.32789	0.03757	-1.02695	
YMR003w	4	-0.98436	-1.06608	-0.79158	0.92667	1.67683	1.71455	0.72341	-0.24886	-0.81672	-1.23161	-0.94245	-0.38297	0.09060	1.43167	0.63750	-0.12523	-0.61137	
YNR009w	4	-1.91695	-1.45471	-0.64774	0.29633	1.36576	1.38535	0.40994	-0.42837	-0.79660	-0.97680	-0.32260	0.72332	0.94269	1.30700	0.12397	0.60189	-0.61249	
YOR073w	4	-1.18673	-1.58288	-0.90942	0.71483	1.47744	1.50715	0.44743	0.31867	-0.22604	-1.32538	-1.19663	-0.03787	0.87330	1.27936	0.42762	-0.28547	-0.29537	
YMR215w	4	-1.04043	-1.07532	-1.06995	-0.34797	1.14432	1.47981	1.25167	-0.02052	-0.83376	-0.92770	-0.65662	-0.69688	0.06536	1.98976	0.69878	0.52164	-0.48217	
YLL047w	4	1.92118	2.06658	0.32180	-0.09622	-0.00535	1.23054	0.84887	-0.49606	-0.67781	-0.96861	-1.11401	-1.27758	-0.76869	-0.18709	0.15823	-0.29614	-0.65964	
YDR366c	4	-0.48524	1.56423	0.36017	-0.12659	-0.43401	1.15434	1.61547	-0.97199	-0.33153	-0.84390	-1.43313	-1.30503	-0.74143	1.07748	0.97501	0.61635	-0.69019	
YIL158w	4	-1.67510	-1.61588	-1.18953	-0.86977	0.45369	1.05769	1.35673	1.03993	0.61062	-0.17695	-0.44342	-0.75430	-0.69212	0.60469	0.29381	1.17908	0.82083	
YGL101w	4	-1.63380	-1.11162	-1.23864	-0.01079	0.11623	0.21502	1.03358	0.08800	-0.33539	-1.36565	-0.68822	0.10211	0.77954	1.30173	1.76746	1.21705	-0.23660	
YJR110w	4	-0.87560	-0.96054	-1.47016	0.35599	0.69573	2.28830	0.99301	0.65327	-0.11117	-1.74621	-0.23857	-0.51462	0.44092	0.54709	0.80191	-0.42968	-0.42968	
YOL012c	4	-1.85783	-1.69400	-1.33990	-0.25119	1.15990	0.31430	0.40943	-0.14021	-0.45731	-0.14549	-0.17720	0.47814	0.19803	1.27089	1.33431	1.41358	-0.51544	
YBL032w	4	-1.42755	-0.89344	-1.21891	-0.80164	2.03577	0.29994	1.75203	0.83404	-0.21747	-0.50121	-1.04366	-0.43445	0.20814	0.60037	0.90081	0.29994	-0.39272	
YBR043c	4	-1.25303	-0.80186	-0.76964	-0.58702	0.51941	-0.02843	1.47545	0.78796	-0.24328	-0.69444	-1.44639	-1.14561	-0.04992	0.22937	1.80846	1.31432	0.88464	
YCL012w	4	-1.20791	-1.00994	-1.47786	-0.61401	0.51979	0.73576	1.49162	2.06753	1.29366	0.60978	-0.82997	-0.82997	0.01588	-0.38005	0.01588	-0.18209	-0.21808	
YCL013w	4	-0.94921	-0.62996	-0.94921	-0.48485	0.09560	0.96628	1.66282	2.44642	0.96628	-0.94921	-0.42680	-0.77507	0.50192	-0.92018	-0.13658	-0.36876	-0.04951	
YCL062w	4	-1.24101	-1.00760	-1.61747	0.21215	1.35660	0.91990	1.33402	1.46954	0.91990	-0.88713	-1.19583	-0.79678	0.39285	0.09168	0.24227	0.23474	-0.42784	
YCL063w	4	-1.09911	-0.59311	-1.03740	-0.17351	1.38151	1.01127	1.25810	2.20838	0.62869	-1.32125	-0.92633	-0.67950	0.40654	-0.39565	-0.25990	-0.13648	-0.27224	
YCR086w	4	-0.80252	-0.06143	0.47755	0.56177	0.62914	2.09448	0.51124	-0.22986	-0.86989	-0.71831	-1.69520	-1.32466	0.20806	1.18496	0.56177	0.71335	-1.24044	
YDR324C	4	-2.00807	1.28729	-0.12622	-1.06289	-1.16507	1.03183	1.65344	0.29102	0.60608	-0.38168	-0.78189	-0.87556	-0.72228	0.53796	0.20587	0.89559	0.61459	
YDR325W	4	-1.31705	0.26294	-0.52706	-0.12706	0.38294	1.66293	0.78294	-0.47706	-0.34706	-1.38705	-1.36705	-0.89705	-0.03706	1.66293	0.43294	1.55293	-0.25706	
YIL169C	4	-1.35047	-2.05392	-0.13542	1.55925	1.89498	0.91975	0.93574	0.02445	0.08840	-0.67900	-0.72696	-0.64702	0.20031	0.26426	0.53605	-0.27931	-0.55110	
YKL052C	4	-1.20226	-1.13471	-0.12147	1.50935	2.08834	1.48040	0.92071	0.13907	-0.01533	-1.42420	-0.65222	-0.40132	-0.02498	0.22592	-0.17937	-0.35307	-0.85486	
YKL053W	4	-1.55893	-1.04410	0.54717	2.40756	1.70553	0.24296	-0.02615	-1.13771	-0.20166	-0.70479	-0.82179	-0.35377	0.44187	0.54717	-0.08466	0.39507	-0.35377	
YKL069W	4	-0.60113	0.57930	-0.24700	1.00089	2.02112	1.21168	0.23361	0.52028	-0.74447	-1.10703	-1.46959	-0.76976	-0.23013	1.00089	0.52871	-0.39877	-1.52861	
YPL116W	4	-0.77558	-1.31756	-0.36171	0.61386	1.80621	2.02300	0.29852	-0.16462	-0.75587	0.02261	-1.06135	-0.78543	-0.45039	0.56458	0.19998	1.25437	-1.11062	
YPL264C	4	-0.45945	-1.44754	-0.69471	1.04622	0.99917	1.32853	-0.55355	-0.31829	-0.69471	-1.49460	-1.25934	-0.36535	0.43454	0.95211	0.90506	1.61084	0.01107	
YGR108w	5	-1.49391	-0.82181	-1.12649	-1.10857	-0.59777	0.64785	1.57087	1.09592	0.96150	-0.51712	-0.73219	-0.81284	-0.60673	0.48655	1.11384	1.09592	0.84500	
YPR119w	5	-1.38564	-0.89396	-1.16215	-0.99081	-0.14154	0.52148	1.57188	2.05611	1.07275	-0.31289	-0.69282	-0.94611	-0.44698	-0.08195	0.64812	0.53638	0.64812	
YAL040c	5	-0.21050	-0.36441	-0.92235	-0.92663	0.19352	-1.01855	0.41157	0.23628	-0.09293	3.45564	0.36026	-0.17202	-0.72568	-0.20622	0.16573	0.12084	-0.30456	
YGL116w	5	-0.96489	-0.94733	-0.84196	-0.85952	-0.75415	-0.24484	1.26552	2.33682	1.59920	-0.06922	-0.31509	-0.70146	-0.61365	-0.56096	0.24691	0.47521	0.94940	
YOL069w	5	-1.02006	-1.62852	-1.39190	-0.54682	-0.51301	1.07574	1.44757	1.65039	0.83911	-0.71583	-0.41160	-1.05386	0.39967	0.39967	0.60249	0.06164	0.80531	
YGR092w	5	-1.29288	-1.07937	-1.04379	-1.20985	-0.65237	0.01186	1.17426	1.76732	1.82663	0.61678	0.01186	-0.15420	-0.65237	-0.48631	-0.35584	0.75912	0.75912	
YBR138c	5	-0.85589	-1.15043	-1.39588	-1.05225	-0.68899	-0.09009	1.03897	2.00113	1.49060	-0.12937	-0.60063	-0.74790	-0.14900	-0.14900	0.68552	1.03897	0.75425	
YOR058c	5	-0.35455	-0.10600	-1.47302	-0.47882	-0.64452	0.63965	1.88239	1.57170	1.38529	-0.54096	-0.85164	-1.61800	-0.35455	-0.37526	0.26682	0.22540	0.82606	
YHR023w	5	-1.21582	-1.45476	-1.27907	-1.26501	-0.46384	0.46384	1.86941	1.49693	0.68873	0.34436	-0.23895	-0.55520	-0.70981	0.31625	0.47789	0.60439	0.92065	
YPL242C	5	-1.35876	-1.04049	-1.30089	-1.09835	0.69555	0.77271	1.51534	2.06509	0.70519	-0.16282	-0.39430	-0.61612	-0.78973	-0.30749	0.09758	0.64733	0.57017	
YJR092w	5	-1.54126	-1.10426	-1.17864	-1.21583	0.67163	0.14166	0.05797	1.91755	1.86176	0.03008	-0.89971	-0.47200	0.13236	0.14166	0.45778	0.76461	0.23463	
YLR353w	5	-1.59764	-1.44301	-1.46510	-0.70299	0.03703	0.50093	1.02005	1.00900	1.52812	0.33525	-0.96807	-0.78030	-0.11760	-0.00715	0.89855	1.05318	0.69974	
YCL037C	5	-1.51473	-0.32149	-0.99913	-0.86655	2.09445	0.48873	1.56412	1.32842	0.42981	0.68024	-0.99913	-0.96967	-0.29203	-0.07106	-0.43934	0.20884	-0.32149	
YMR001c	5	-1.36982	-1.25043	-1.35192	-0.96390	-0.57588	0.30760	1.39405	1.71044	0.98216	-0.46246	-0.57588	-0.67736	0.05092	0.06286	0.71353	1.07767	0.92843	
YGL021w	5	-1.45763	-1.29567	-1.10334	-1.01224	-0.25306	0.54661	1.41714	1.19444	0.71869	-0.45551	-0.91102	-0.74906	-0.32392	0.92114	1.00212	1.39689	0.36441	
YCR042c	5	0.06828	0.36415	-1.02418	-1.36558	-1.33144	-0.94452	-0.13656	1.69559	1.50214	1.50214	0.62589	-0.37553	-0.94452	-0.72831	0.36415	-0.14794	0.87625	
YOR025w	5	-1.29071	-1.35026	-1.14185	-1.09719	-0.75481	0.55516	1.04640	0.86777	2.28195	-0.24869	-0.32312	-0.82924	0.12347	0.43608	0.48073	0.57005	0.67425	
YOR229w	5	-0.62432	-0.09195	-1.12271	-1.04342	-0.95280	-0.59034	0.78023	1.67507	1.47118	1.53915	0.10061	-0.89617	-1.17935	-0.73759	0.06663	0.74625	0.85952	
YDR146c	5	-1.55821	-1.37461	-0.95554	-0.97150	-0.75199	0.11410	0.48927	0.31765	0.37752	0.11410	-0.19322	-0.61629	-0.24910	1.69860	0.92431	2.04584	0.58905	
YLR131c	5	-1.38950	-1.68414	-1.42317	-0.87599	0.05001	0.39516	1.01811	0.82449	1.25382	0.71505	-0.73288	-1.06119	0.10052	1.00969	0.25205	1.28749	0.26047	
YNL053w	5	-0.89511	-0.73054	-1.30022	-0.71788	0.21894	1.13043	1.71278	1.86469	0.86458	-1.16096	-0.85713	-0.45202	-0.41405	-0.37607	0.11766	1.15575	-0.16085	
YKL130C	5	-1.19589	-0.66203	-1.37625	-1.13096	-0.42395	0.26142	0.61492	2.15880	1.69708	0.05941	-0.53938	-0.46002	-0.95060	0.42735	0.58606	0.92514	0.00891	
YIL162w	5	1.16196	-1.05585	-1.82470	-0.96714	-0.28701	0.12698	0.77754	1.90123	1.81252	-0.13916	0.30441	-0.46444	-0.49401	-0.84886	-0.46444	0.06784	0.39312	
YDL138W	5	0.96886	0.90853	-1.14276	-1.67713	-0.79801	-0.74629	-0.04816	1.10677	1.33086	0.95163	-0.00507	-1.28928	-1.17724	-0.16021	-0.00507	1.31362	0.46897	
YDL048c	5	1.41932	-1.28183	-1.15587	-0.40011	0.83150	0.71954	0.88748	1.40532	0.71954	-0.68002	-0.77799	-0.70801	-0.90395	-1.39380	-0.45609	0.53760	1.23737	
YGR143w	5	-0.51452	-0.69195	-1.27744	-0.94034	-1.06453	-0.51452	0.99357	1.38389	2.00487	0.03548	-0.07097	-0.51452	-0.88711	-0.69195	0.42581	1.18873	1.13550	
YKL129c	5	0.32385	-0.78405	-1.56810	-1.43175	-0.01704	0.00000	0.28976	2.57373	0.76701	0.63065	0.03409	-1.07381	-1.10790	-0.05113	0.59656	0.44316	0.37498	
YIL167w	5	1.51620	-0.45624	-1.52603	-1.72662	-1.59289	-0.72369	-0.28908	0.51327	1.38248	0.44640	0.17895	-0.02163	-0.22222	0.04523	0.81415	0.31268	1.34904	
YHR152w	5	-1.13878	-1.01612	-0.90047	-0.66917	-0.46941	-0.07339	1.14620	1.87865	0.71514	1.44409	0.24553	-0.97757	-1.06869	-0.87594	0.01422	0.48734	1.25835	
YPR167C	5	-1.13289	-0.81416	-0.72684	-0.00642	1.49117	1.08948	-0.03262	-0.54346	-0.98880	-1.32500	-0.95388	-0.63951	-0.14177	0.85371	1.22483	1.41258	1.23357	
YJL079c	5	-0.21862	0.26751	-0.68907	-0.62635	-0.99487	-0.96350	-0.32055	2.00818	2.18068	0.51058	0.10285	-0.56362	-0.88509	-0.98702	-0.44601	0.40081	1.22410	
YAR018c	5	-0.51926	-0.87977	-0.91068	-0.75102	-0.66347	-0.75617	0.74254	2.40605	2.07129	0.34082	0.10906	-0.29265	-0.48836	-0.92098	-0.27205	0.04726	0.73739	
YAL022c	5	-1.05980	-1.09261	-0.60048	-1.24259	-1.26602	-1.30821	0.86184	1.03057	0.79154	1.05870	0.23380	-0.26771	-0.62860	-0.07554	0.90871	1.20399	1.45240	
YGR279c	5	-1.47399	-0.79084	-0.65155	-1.32144	-1.14899	-0.36635	0.40966	0.94026	1.26526	2.06780	-0.41941	-0.41278	-0.16074	-0.34645	0.54894	1.17904	0.68159	
YGL201c	5	-0.97243	0.59023	-0.47896	-1.24658	-1.54815	-0.86277	0.69989	1.65942	1.41269	1.41269	0.48057	0.09676	-1.27400	-0.47896	-0.28705	0.23383	0.56282	
YNL057w	5	-1.27558	-1.30034	-1.33334	-1.23432	-1.15181	-0.61546	0.67177	0.62226	1.36489	0.75428	0.20143	0.25094	-0.07087	-0.23590	0.55625	1.29063	1.50517	
YML119w	5	-1.05678	-1.21085	-0.81284	-0.99900	-1.31036	-0.50148	1.28959	1.67797	1.24144	0.41973	-0.03606	-0.63309	-0.73580	0.05381	0.41331	1.26712	0.93330	
YOL137w	5	-0.46828	0.00557	-1.58184	-2.03200	-0.79998	-0.30243	0.40835	1.33237	1.94837	0.19512	-0.30243	-0.25504	-0.18397	-0.04181	-0.01812	1.40344	0.69266	
YPL186c	5	3.23773	0.86637	-0.18962	-0.54162	-0.31931	-0.04141	0.06975	0.36617	-0.24520	-1.00478	-0.81951	-0.61573	-0.72688	-0.68983	-0.50457	0.84785	0.31059	
YCL038c	5	-0.58980	-0.97933	-1.25344	-0.56095	-0.76292	-0.04158	0.99715	1.60308	1.77620	1.50209	0.05940	-0.38783	-0.33012	-1.61411	0.26138	-0.20028	0.52106	
YML033w	5	-1.28602	-1.02272	-1.50071	-1.03892	-0.03431	0.00620	0.50445	1.88173	0.58141	0.07911	-0.73511	-0.83233	-0.40699	0.28975	0.85282	1.52526	1.13638	
YML034w	5	-1.20180	-1.10214	-1.65028	-0.70349	-0.17197	0.55889	1.20669	2.35279	0.94092	-0.48756	-0.80315	-0.60383	0.14363	0.34295	0.39278	0.55889	0.22668	
YKR021w	5	-0.21421	-0.53870	-0.46659	-0.82714	-1.12760	0.32662	1.67267	2.11735	1.24001	-0.51467	-1.66843	-0.63485	-0.41852	-0.32237	0.18240	0.80735	0.38671	
YPR157w	5	0.80899	-1.42791	-0.82036	-0.35089	-0.26804	0.20143	1.52701	1.91363	0.22905	-0.43373	-0.70990	-1.56599	-1.01367	-0.48897	0.75376	0.91945	0.72614	
YJL051w	5	-0.52341	-1.00321	-1.33034	-0.92687	-0.42527	1.04682	1.48300	1.75561	1.14496	0.76331	-0.86145	-1.16677	-0.88326	0.02181	0.31623	0.78512	-0.19628	
YOL014w	5	0.46467	-0.63364	-1.71386	-0.90521	-0.68796	-0.37415	1.61127	1.45437	0.51295	-0.31984	-0.52502	-1.30350	-0.54312	-0.30777	1.03797	1.14056	1.09228	
YOR315w	5	-1.19286	-1.14464	-0.99396	-1.00602	-0.66246	0.17532	1.03420	1.30844	0.36819	-0.55699	-0.67753	-0.61425	-0.20138	0.10601	0.76599	2.22759	1.06434	
YGR230w	5	-0.14239	-0.25569	-0.58530	-0.80161	-0.72950	-0.34839	0.76404	2.09278	2.04128	0.44473	-0.66770	-0.94581	-1.28572	-0.75010	-0.39989	0.79494	0.77434	
YLR190w	5	-0.99469	-1.29062	-0.87058	-1.07424	-0.36781	0.04268	1.83420	2.04104	0.93367	-0.03369	-0.42509	-0.81649	-0.60647	-0.38691	0.34816	0.73956	0.92730	
YMR032w	5	-1.08587	-1.03498	-0.87667	-0.89364	-0.84275	-0.00599	1.25482	2.64000	0.89862	0.22582	-0.28868	-0.69010	-0.75229	-0.15864	0.71205	0.51416	0.38413	
YOL070c	5	-1.11647	-1.24691	-1.00185	-1.15995	-1.13228	-0.34573	0.31434	0.66217	0.90722	1.21947	0.14438	-0.03348	-0.57498	-0.10858	0.23924	2.30642	0.92699	
YLR297W	5	-0.14081	-1.39266	-1.17806	-0.87660	-0.64411	-0.95579	0.38036	1.34608	0.58986	1.32308	0.19131	-0.57002	-1.00944	-0.66710	0.74570	1.29754	1.56068	
YHL028W	5	-0.94301	-0.96956	-0.95628	-0.83685	-0.63778	0.29118	1.52537	2.16237	0.62295	-0.86339	-0.61124	-0.71741	-0.41218	-0.23966	0.29118	0.92818	1.36612	
YHR151C	5	-1.15354	-0.91849	-1.15354	-0.51554	-0.88491	-0.38122	1.06268	2.00290	2.03648	0.29036	0.52542	-0.34764	-0.61628	-0.75059	0.76047	-0.04543	0.08889	
YNL058C	5	-1.23773	-1.34831	-1.12189	-1.09029	-0.95602	-0.40840	0.47886	0.60260	0.64210	1.28450	0.03655	0.21032	-0.64008	-0.16618	0.46043	2.11647	1.13707	
